30 43 45 44
02 00 00 00
4D 00 00 00
80 03 00 00
64 00 00 00
00 00 00 00
64 00 00 00
01 00 00 00
64 00 00 00
02 00 00 00
62 00 00 00
01 00 00 00
62 00 00 00
01 00 00 00
07 00 00 00
42 00 00 00
04 00 00 00
62 00 00 00
00 00 00 00
07 00 00 00
62 00 00 00
02 00 00 00
07 00 00 00
05 00 00 00
64 00 00 00
03 00 00 00
62 00 00 00
03 00 00 00
42 00 00 00
00 00 00 00
4E 00 00 00
90 00 00 00
42 00 00 00
00 00 00 00
4D 00 00 00
98 00 00 00
42 00 00 00
01 00 00 00
42 00 00 00
00 00 00 00
53 00 00 00
B8 00 00 00
42 00 00 00
00 00 00 00
01 00 00 00
00 00 00 00
62 00 00 00
03 00 00 00
42 00 00 00
00 00 00 00
53 00 00 00
E0 00 00 00
42 00 00 00
00 00 00 00
4D 00 00 00
E8 00 00 00
42 00 00 00
01 00 00 00
42 00 00 00
00 00 00 00
53 00 00 00
4C 01 00 00
42 00 00 00
01 00 00 00
01 00 00 00
00 00 00 00
42 00 00 00
00 00 00 00
62 00 00 00
01 00 00 00
05 00 00 00
42 00 00 00
02 00 00 00
62 00 00 00
00 00 00 00
07 00 00 00
08 00 00 00
64 00 00 00
04 00 00 00
62 00 00 00
04 00 00 00
01 00 00 00
00 00 00 00
62 00 00 00
03 00 00 00
42 00 00 00
00 00 00 00
50 00 00 00
74 01 00 00
42 00 00 00
00 00 00 00
4D 00 00 00
7C 01 00 00
42 00 00 00
01 00 00 00
42 00 00 00
00 00 00 00
53 00 00 00
44 02 00 00
42 00 00 00
02 00 00 00
01 00 00 00
00 00 00 00
42 00 00 00
00 00 00 00
62 00 00 00
01 00 00 00
05 00 00 00
62 00 00 00
03 00 00 00
09 00 00 00
06 00 00 00
42 00 00 00
02 00 00 00
62 00 00 00
00 00 00 00
07 00 00 00
08 00 00 00
64 00 00 00
05 00 00 00
62 00 00 00
05 00 00 00
01 00 00 00
00 00 00 00
42 00 00 00
00 00 00 00
62 00 00 00
01 00 00 00
05 00 00 00
62 00 00 00
03 00 00 00
09 00 00 00
05 00 00 00
42 00 00 00
02 00 00 00
62 00 00 00
00 00 00 00
07 00 00 00
08 00 00 00
64 00 00 00
06 00 00 00
62 00 00 00
06 00 00 00
01 00 00 00
00 00 00 00
15 00 00 00
64 00 00 00
07 00 00 00
64 00 00 00
08 00 00 00
62 00 00 00
07 00 00 00
42 00 00 00
00 00 00 00
53 00 00 00
80 02 00 00
42 00 00 00
00 00 00 00
4D 00 00 00
88 02 00 00
42 00 00 00
01 00 00 00
42 00 00 00
00 00 00 00
53 00 00 00
44 03 00 00
62 00 00 00
08 00 00 00
42 00 00 00
00 00 00 00
53 00 00 00
C0 02 00 00
42 00 00 00
00 00 00 00
4D 00 00 00
C8 02 00 00
42 00 00 00
01 00 00 00
42 00 00 00
00 00 00 00
53 00 00 00
E8 02 00 00
42 00 00 00
08 00 00 00
01 00 00 00
00 00 00 00
62 00 00 00
08 00 00 00
42 00 00 00
00 00 00 00
52 00 00 00
10 03 00 00
42 00 00 00
00 00 00 00
4D 00 00 00
18 03 00 00
42 00 00 00
01 00 00 00
42 00 00 00
00 00 00 00
53 00 00 00
38 03 00 00
42 00 00 00
00 00 00 00
01 00 00 00
00 00 00 00
42 00 00 00
00 00 00 00
15 00 00 00
42 00 00 00
00 00 00 00
62 00 00 00
08 00 00 00
05 00 00 00
62 00 00 00
07 00 00 00
08 00 00 00
64 00 00 00
09 00 00 00
62 00 00 00
09 00 00 00
01 00 00 00
00 00 00 00
15 00 00 00
42 00 00 00
00 00 00 00
64 00 00 00
0A 00 00 00
42 00 00 00
00 00 00 00
64 00 00 00
0B 00 00 00
42 00 00 00
00 00 00 00
64 00 00 00
0C 00 00 00
42 00 00 00
00 00 00 00
64 00 00 00
0D 00 00 00
03 00 00 00
64 00 00 00
0A 00 00 00
03 00 00 00
64 00 00 00
0B 00 00 00
03 00 00 00
64 00 00 00
0C 00 00 00
62 00 00 00
0A 00 00 00
42 00 00 00
00 00 00 00
53 00 00 00
0C 04 00 00
42 00 00 00
00 00 00 00
4D 00 00 00
14 04 00 00
42 00 00 00
01 00 00 00
42 00 00 00
00 00 00 00
53 00 00 00
54 04 00 00
62 00 00 00
0C 00 00 00
62 00 00 00
0B 00 00 00
54 00 00 00
48 02 00 00
84 00 00 00
00 00 00 00
82 00 00 00
00 00 00 00
64 00 00 00
0D 00 00 00
62 00 00 00
0A 00 00 00
42 00 00 00
00 00 00 00
52 00 00 00
7C 04 00 00
42 00 00 00
00 00 00 00
4D 00 00 00
84 04 00 00
42 00 00 00
01 00 00 00
42 00 00 00
00 00 00 00
53 00 00 00
CC 04 00 00
62 00 00 00
0C 00 00 00
62 00 00 00
0B 00 00 00
62 00 00 00
0A 00 00 00
54 00 00 00
10 00 00 00
84 00 00 00
00 00 00 00
82 00 00 00
00 00 00 00
64 00 00 00
0D 00 00 00
42 00 00 00
05 00 00 00
42 00 00 00
0A 00 00 00
07 00 00 00
42 00 00 00
07 00 00 00
06 00 00 00
64 00 00 00
0E 00 00 00
62 00 00 00
0E 00 00 00
01 00 00 00
00 00 00 00
62 00 00 00
0E 00 00 00
01 00 00 00
00 00 00 00
62 00 00 00
0D 00 00 00
15 00 00 00
15 00 00 00
00 00 00 00
